FluorCam7 Numeric Export File
-----------------------------------
	Area 1	Area 2	Area 3	Area 4	Area 5	Area 6	Area 7	Area 8	Area 9
Size [pixels]	654	421	683	1472	1794	1259	753	967	564
Fo	63.00	34.69	56.25	79.99	74.18	76.69	82.47	83.57	58.45
Fo_gauss	63.00	34.69	56.25	79.99	74.18	76.69	82.47	83.57	58.45
Fo_median	46.75	24.13	42.53	63.36	58.08	60.51	64.06	66.56	45.14
Fm	433.23	277.49	383.78	489.60	476.93	477.20	507.33	506.32	382.73
Fv	370.23	242.80	327.53	409.62	402.75	400.51	424.85	422.75	324.28
Fp	452.42	295.81	414.11	515.73	507.94	507.23	542.43	547.31	408.44
Fp-median	399.14	253.60	363.78	461.72	453.42	454.01	483.61	491.08	363.31
Fp-gauss	576.74	410.79	545.33	647.57	639.86	640.04	685.61	683.36	529.82
Fp-average	503.55	337.24	463.67	567.44	557.63	559.84	599.56	599.61	451.31
Fm_L1	322.06	196.00	262.87	348.98	343.78	360.85	381.39	369.06	273.55
Fm_L2	188.32	122.31	160.95	226.16	208.70	227.95	220.77	216.83	168.09
Fm_L3	170.21	114.04	150.53	205.95	192.30	208.38	199.18	197.95	154.70
Fm_L4	159.15	105.35	139.05	193.80	177.76	192.49	181.67	185.21	144.69
Fm_Lss	156.87	103.71	136.02	190.74	176.16	188.88	176.80	180.21	145.00
Fm_D1	312.50	189.08	268.14	343.72	343.31	362.94	374.88	359.27	278.00
Fm_D2	356.44	221.14	309.77	404.87	397.30	405.57	422.34	416.53	317.71
Fm_D3	376.60	232.37	328.00	425.13	416.81	419.23	445.88	440.98	335.98
Ft_L1	323.92	209.14	274.49	360.67	356.46	371.49	393.22	385.71	287.28
Ft_L2	183.42	120.98	162.90	226.89	211.86	231.47	223.23	220.10	166.99
Ft_L3	155.16	101.94	147.20	201.46	186.71	204.48	195.96	192.59	148.73
Ft_L4	133.55	91.44	138.15	187.44	172.46	189.73	181.58	179.07	137.89
Ft_Lss	129.88	87.72	131.12	186.07	166.37	182.84	174.08	173.07	127.69
Ft_D1	72.08	40.61	65.83	86.23	84.87	87.70	95.88	92.03	63.81
Ft_D2	75.98	41.45	66.75	92.41	86.35	92.18	101.61	97.40	66.50
Ft_D3	77.12	40.72	67.95	92.16	86.96	89.69	93.95	98.83	65.63
Fo_L1	59.78	32.66	52.46	74.81	69.71	72.73	78.03	78.50	54.94
Fo_L2	52.30	29.21	45.90	66.54	61.09	64.67	67.40	67.62	48.22
Fo_L3	50.81	28.61	44.96	64.57	59.53	62.85	65.15	65.69	46.92
Fo_L4	49.61	27.87	43.85	63.30	58.02	61.18	63.07	64.12	45.86
Fo_Lss	49.32	27.87	43.42	62.95	57.69	60.78	62.34	63.44	45.96
Fo_D1	59.29	32.49	52.66	74.56	69.69	72.80	77.79	77.99	55.09
Fo_D2	60.88	33.46	54.26	77.22	71.82	74.48	79.76	80.59	56.62
Fo_D3	61.52	33.72	54.78	77.96	72.50	74.96	80.60	81.51	57.14
Fv_L1	262.28	163.34	210.42	274.18	274.07	288.13	303.36	290.56	218.61
Fv_L2	136.03	93.10	115.05	159.62	147.61	163.28	153.37	149.21	119.87
Fv_L3	119.41	85.42	105.58	141.39	132.78	145.53	134.03	132.26	107.78
Fv_L4	109.54	77.48	95.20	130.49	119.74	131.30	118.60	121.10	98.83
Fv_Lss	107.55	75.85	92.60	127.78	118.47	128.10	114.46	116.77	99.04
Fv_D1	253.21	156.59	215.47	269.16	273.62	290.15	297.09	281.28	222.91
Fv_D2	295.56	187.68	255.50	327.65	325.47	331.08	342.58	335.95	261.09
Fv_D3	315.07	198.66	273.23	347.17	344.31	344.27	365.28	359.47	278.84
Fq_L1	-1.86	-13.15	-11.62	-11.68	-12.68	-10.63	-11.83	-16.64	-13.73
Fq_L2	4.91	1.34	-1.95	-0.73	-3.16	-3.52	-2.45	-3.27	1.10
Fq_L3	15.05	12.10	3.34	4.49	5.60	3.90	3.22	5.36	5.97
Fq_L4	25.60	13.91	0.90	6.36	5.30	2.75	0.09	6.14	6.80
Fq_Lss	26.98	15.99	4.90	4.66	9.79	6.04	2.72	7.15	17.31
Fq_D1	240.42	148.48	202.31	257.49	258.44	275.24	278.99	267.25	214.19
Fq_D2	280.46	179.69	243.01	312.46	310.94	313.39	320.73	319.13	251.21
Fq_D3	299.47	191.65	260.05	332.97	329.85	329.54	351.93	342.16	270.35
QY_max	0.85	0.87	0.85	0.84	0.84	0.84	0.84	0.84	0.85
Fv/Fm_L1	0.81	0.83	0.80	0.78	0.80	0.80	0.79	0.79	0.80
Fv/Fm_L2	0.72	0.75	0.70	0.70	0.70	0.71	0.69	0.68	0.70
Fv/Fm_L3	0.70	0.73	0.69	0.68	0.68	0.69	0.67	0.66	0.69
Fv/Fm_L4	0.68	0.71	0.67	0.67	0.67	0.68	0.65	0.65	0.67
Fv/Fm_Lss	0.68	0.71	0.67	0.66	0.66	0.67	0.64	0.64	0.67
Fv/Fm_D1	0.81	0.82	0.80	0.78	0.79	0.80	0.79	0.78	0.80
Fv/Fm_D2	0.83	0.84	0.82	0.81	0.82	0.82	0.81	0.81	0.82
Fv/Fm_D3	0.83	0.85	0.83	0.82	0.83	0.82	0.82	0.82	0.83
QY_L1	-0.02	-0.12	-0.07	-0.05	-0.05	-0.04	-0.05	-0.06	-0.07
QY_L2	-0.01	-0.06	-0.10	-0.03	-0.05	-0.04	-0.04	-0.05	-0.05
QY_L3	0.06	0.02	-0.04	-0.01	-0.01	-0.01	-0.02	-0.00	-0.01
QY_L4	0.13	0.02	-0.06	0.00	-0.01	-0.02	-0.03	0.00	-0.01
QY_Lss	0.13	0.09	-0.05	-0.01	0.02	-0.00	-0.02	0.00	0.07
QY_D1	0.77	0.78	0.75	0.75	0.75	0.76	0.74	0.74	0.77
QY_D2	0.79	0.81	0.78	0.77	0.78	0.77	0.76	0.77	0.79
QY_D3	0.79	0.82	0.79	0.78	0.79	0.79	0.79	0.78	0.80
NPQ_L1	0.37	0.48	0.50	0.43	0.41	0.34	0.35	0.39	0.43
NPQ_L2	1.38	1.46	1.58	1.23	1.37	1.16	1.38	1.41	1.40
NPQ_L3	1.64	1.66	1.72	1.46	1.58	1.36	1.65	1.65	1.60
NPQ_L4	1.84	2.01	1.95	1.63	1.80	1.57	1.91	1.85	1.80
NPQ_Lss	1.91	1.93	2.05	1.66	1.84	1.62	2.01	1.94	1.80
NPQ_D1	0.45	0.54	0.48	0.46	0.42	0.33	0.37	0.44	0.41
NPQ_D2	0.26	0.29	0.28	0.23	0.22	0.19	0.22	0.24	0.23
NPQ_D3	0.19	0.24	0.21	0.17	0.16	0.15	0.15	0.17	0.16
qN_L1	0.29	0.32	0.34	0.33	0.31	0.28	0.28	0.31	0.32
qN_L2	0.64	0.62	0.65	0.62	0.64	0.60	0.64	0.65	0.64
qN_L3	0.68	0.65	0.68	0.66	0.68	0.64	0.69	0.69	0.67
qN_L4	0.71	0.68	0.71	0.69	0.71	0.68	0.73	0.72	0.70
qN_Lss	0.72	0.69	0.72	0.70	0.71	0.69	0.74	0.73	0.70
qN_D1	0.32	0.35	0.33	0.35	0.32	0.27	0.30	0.33	0.30
qN_D2	0.20	0.21	0.21	0.20	0.18	0.17	0.19	0.20	0.18
qN_D3	0.15	0.17	0.15	0.15	0.14	0.13	0.13	0.14	0.13
qP_L1	-0.03	-0.16	-0.09	-0.07	-0.07	-0.06	-0.06	-0.08	-0.09
qP_L2	-0.04	-0.11	-0.30	-0.06	-0.09	-0.07	-0.08	-0.09	-0.09
qP_L3	0.07	-0.01	-0.10	-0.03	-0.03	-0.03	-0.04	-0.02	-0.05
qP_L4	0.17	-0.07	-0.13	-0.02	-0.04	-0.06	-0.08	-0.03	-0.05
qP_Lss	0.17	0.10	-0.13	-0.03	-0.00	-0.02	-0.07	-0.03	0.08
qP_D1	0.96	0.95	0.94	0.96	0.95	0.95	0.94	0.95	0.96
qP_D2	0.95	0.96	0.95	0.95	0.96	0.95	0.94	0.95	0.96
qP_D3	0.95	0.97	0.95	0.96	0.96	0.96	0.97	0.95	0.97
qL_L1	-0.36	-1.73	-0.86	-0.52	-0.58	-0.52	-0.49	-0.57	-0.81
qL_L2	-0.54	-1.50	-4.64	-0.50	-0.68	-0.58	-0.60	-0.73	-0.91
qL_L3	-0.24	-1.06	-1.07	-0.42	-0.51	-0.45	-0.54	-0.39	-0.72
qL_L4	0.03	-1.67	-1.17	-0.42	-0.58	-0.57	-0.65	-0.48	-0.72
qL_Lss	0.01	-0.86	-1.44	-0.46	-0.44	-0.44	-0.70	-0.54	-0.34
qL_D1	1.13	1.15	1.14	1.08	1.14	1.13	1.13	1.09	1.08
qL_D2	1.17	1.20	1.15	1.13	1.14	1.17	1.18	1.14	1.12
qL_D3	1.19	1.17	1.16	1.13	1.15	1.14	1.11	1.14	1.11
Rfd_L1	0.44	0.52	0.60	0.46	0.46	0.39	0.41	0.45	0.48
Rfd_L2	1.65	2.16	2.00	1.40	1.57	1.32	1.58	1.64	1.68
Rfd_L3	2.31	3.03	2.85	1.73	1.92	1.66	2.01	2.08	2.04
Rfd_L4	3.09	4.70	2.50	2.02	2.23	1.90	2.43	2.44	2.39
Rfd_Lss	3.14	3.91	2.83	1.99	2.38	2.02	2.66	2.54	2.83
